x y
203.206146 0.000000
203.813146 -0.124662
204.422146 -0.024324
205.029146 0.826014
205.638146 0.151353
206.247146 0.126692
206.854146 0.777029
207.463146 0.177368
208.069146 0.027705
208.678146 0.578044
209.287146 0.403383
209.893146 0.603720
210.502146 0.604059
211.108146 -0.120604
211.717146 0.579735
212.323146 0.080072
212.932146 1.030411
213.538146 0.505748
214.146146 0.856086
214.753146 0.956424
215.361146 0.431762
215.967146 1.457099
216.575146 0.607437
217.181146 0.732774
217.790146 0.683113
218.396146 1.008450
219.001146 1.033787
219.610146 0.534126
220.215146 0.859462
220.823146 0.809800
221.429146 1.235138
222.035146 0.935475
222.643146 1.410813
223.248146 1.786150
223.856146 2.061488
224.462146 1.736825
225.067146 1.537161
225.675146 2.137500
226.280146 2.237836
226.886146 2.188173
227.493146 1.863511
228.099146 2.088848
228.704146 2.789185
229.309146 3.089521
229.917146 2.439860
230.522146 3.290196
231.127146 3.290533
231.732146 3.290869
232.339146 3.316207
232.944146 3.516544
233.550146 3.466881
234.154146 3.517217
234.759146 3.692553
235.366146 4.467891
235.971146 3.693227
236.576146 4.518564
237.181146 3.968901
237.786146 3.844237
238.390146 3.794573
238.997146 2.744911
239.602146 4.070247
240.206146 3.470583
240.811146 4.045920
241.415146 4.146256
242.020146 3.671593
242.624146 3.796929
243.229146 4.197265
243.833146 4.297601
244.437146 3.847937
245.041146 4.198273
245.646146 4.173610
246.250146 4.373946
246.854146 3.774282
247.458146 3.899618
248.062146 3.524954
248.666146 4.200290
249.270146 3.575626
249.874146 4.425962
250.478146 4.551298
251.082146 3.451634
251.686146 4.901970
252.290146 4.227306
252.893146 4.102641
253.497146 4.277977
254.101146 3.553313
254.704146 4.103649
255.308146 5.153985
255.909146 4.354319
256.513146 3.779655
257.116146 4.454991
257.720146 4.630327
258.323146 4.630662
258.927146 3.955998
259.530146 4.531334
260.131146 4.906668
260.734146 4.307003
261.337146 4.632339
261.941146 3.857675
262.544146 4.758010
263.145146 4.983345
263.748146 4.908680
264.351146 4.284015
264.954146 4.309351
265.555146 4.684685
266.157146 3.735020
266.760146 4.735356
267.361146 4.435690
267.964146 5.161025
268.567146 4.461361
269.167146 4.861695
269.770146 5.387030
270.372146 5.487365
270.973146 5.287699
271.575146 5.988034
272.178146 4.388370
272.778146 4.738704
273.381146 4.664039
273.983146 5.714374
274.583146 5.314708
275.186146 5.565043
275.786146 6.040377
276.388146 5.965712
276.988146 5.291046
277.590146 4.416380
278.192146 5.891715
278.792146 5.967049
279.394146 5.042384
279.994146 5.592718
280.596146 5.918053
281.196146 6.143387
281.798146 5.143721
282.398146 4.919055
282.999146 6.069390
283.599146 6.894723
284.201146 4.970058
284.800146 5.870391
285.400146 5.570725
286.001146 6.071060
286.601146 5.996393
287.202146 6.396728
287.802146 6.447061
288.401146 6.597395
289.003146 6.247730
289.602146 7.323063
290.203146 6.648397
290.802146 7.523730
291.402146 6.374064
292.003146 6.974399
292.602146 6.749732
293.201146 6.875065
293.802146 7.775399
294.401146 6.975733
295.000146 7.201066
295.599146 7.601399
296.200146 7.676733
296.798146 6.777066
297.397146 8.302399
297.996146 6.977733
298.597146 8.528067
299.195146 8.128400
299.794146 8.278733
300.393146 8.879066
300.991146 9.479399
301.592146 9.279733
302.190146 9.505066
302.789146 9.580399
303.387146 9.830732
303.985146 10.781064
304.584146 11.381397
305.184146 11.981731
305.782146 11.257064
306.380146 10.507397
306.978146 10.732729
307.577146 10.158062
308.175146 10.833395
308.773146 9.858728
309.371146 9.184061
309.969146 10.034393
310.567146 8.684726
311.164146 8.910058
311.762146 8.835391
312.360146 7.785723
312.958146 8.636056
313.556146 7.811389
314.153146 7.536721
314.751146 7.137053
315.349146 6.712386
315.946146 7.962718
316.544146 6.863051
317.141146 7.513383
317.739146 7.338716
318.336146 6.614048
318.933146 6.864380
319.531146 7.039713
320.128146 6.290045
320.725146 6.790377
321.322146 5.865709
321.920146 6.566042
322.515146 6.241373
323.112146 5.266705
323.709146 6.742037
324.306146 6.142369
324.903146 6.267701
325.500146 6.768033
326.095146 5.468364
326.692146 5.243696
327.288146 6.069028
327.885146 5.394360
328.482146 5.394692
329.077146 5.420023
329.673146 5.045355
330.270146 6.145687
330.866146 5.271018
331.461146 5.021349
332.057146 4.621681
332.654146 5.772013
333.248146 5.347343
333.845146 4.897676
334.441146 4.748007
335.037146 4.098339
335.632146 5.798670
336.228146 4.849001
336.824146 4.149333
337.418146 4.249663
338.014146 5.324995
338.608146 4.500325
339.204146 4.550657
339.800146 3.900988
340.394146 4.351319
340.990146 4.001650
341.584146 4.476981
342.180146 4.752312
342.774146 4.052643
343.370146 4.902974
343.965146 3.953305
344.559146 4.103636
345.155146 4.453967
345.748146 5.154297
346.344146 4.279629
346.937146 4.854959
347.533146 4.805290
348.126146 4.130620
348.720146 3.955951
349.315146 4.281282
349.908146 3.506612
350.504146 4.356943
351.097146 3.657273
351.692146 4.082604
352.285146 4.482934
352.878146 3.608264
353.474146 3.708595
354.067146 4.008925
354.662146 4.784256
355.255146 3.759586
355.848146 3.734916
356.442146 4.660247
357.035146 3.710576
357.628146 3.985906
358.223146 3.636237
358.816146 4.086567
359.408146 4.886897
360.003146 4.912228
360.596146 3.462557
361.188146 3.712887
361.781146 4.538217
362.375146 4.463547
362.968146 4.563877
363.560146 4.039206
364.153146 4.414536
364.745146 3.964866
365.339146 4.440196
365.932146 2.665526
366.524146 3.690855
367.116146 3.816185
367.708146 3.391514
368.302146 2.466844
368.894146 3.592174
369.486146 2.617503
370.078146 3.567832
370.670146 3.868162
371.262146 3.618491
371.854146 3.143820
372.446146 3.744150
373.038146 3.544479
373.632146 3.244809
374.223146 3.845138
374.815146 2.820468
375.407146 3.345797
375.998146 3.221126
376.590146 2.896455
377.182146 3.546784
377.773146 3.847113
378.365146 3.572442
378.956146 3.622771
379.547146 2.973100
380.139146 2.773429
380.730146 3.348758
381.321146 3.074087
381.913146 3.374416
382.502146 1.824744
383.093146 3.000073
383.684146 2.975401
384.275146 2.825730
384.866146 2.626059
385.457146 3.576388
386.048146 2.976717
386.639146 2.602045
387.230146 2.927374
387.819146 3.277702
388.409146 2.678030
389.000146 3.078359
389.591146 1.628688
390.182146 2.429016
390.772146 3.004345
391.361146 2.079672
391.952146 3.230001
392.542146 2.930329
393.133146 2.380658
393.721146 2.630985
394.311146 3.131313
394.902146 3.556642
395.492146 2.981970
396.081146 2.732298
396.671146 2.682626
397.261146 2.757954
397.849146 3.808282
398.439146 3.183610
399.030146 3.233939
399.618146 1.984266
400.208146 2.384594
400.798146 2.984922
401.386146 2.285249
401.976146 3.135577
402.565146 2.410905
403.153146 3.586232
403.743146 3.311560
404.331146 2.311888
404.921146 2.912216
405.510146 2.387543
406.098146 3.037871
406.688146 2.263199
407.275146 2.963525
407.865146 3.538854
408.452146 3.464180
409.042146 2.814508
409.629146 2.114835
410.219146 2.915163
410.806146 2.790490
411.395146 2.090817
411.982146 2.891144
412.572146 3.491472
413.159146 2.641799
413.746146 3.142125
414.335146 1.492453
414.922146 2.742779
415.511146 3.118107
416.098146 2.968434
416.687146 2.793761
417.274146 2.019088
417.861146 2.844414
418.450146 2.919742
419.037146 2.970069
419.624146 2.895395
420.212146 3.795722
420.799146 2.121049
421.386146 2.696375
421.974146 2.946703
422.561146 3.147029
423.147146 2.497355
423.734146 2.697682
424.322146 2.448009
424.909146 1.923335
425.495146 2.873661
426.082146 2.498988
426.670146 2.699315
427.256146 2.824641
427.842146 2.724967
428.429146 3.075294
429.015146 2.150620
429.603146 2.125947
430.189146 2.951273
430.775146 3.451599
431.361146 3.726925
431.947146 2.802251
432.533146 2.977577
433.121146 2.652904
433.707146 2.878230
434.293146 3.228556
434.878146 3.378881
435.464146 3.229207
436.050146 2.804533
436.636146 2.879859
437.221146 3.430185
437.807146 3.655511
438.392146 3.930836
438.978146 2.681162
439.563146 3.806487
440.149146 3.331813
440.734146 2.432139
441.320146 1.932465
441.905146 1.482790
442.490146 2.058116
443.076146 2.208442
443.661146 3.258767
444.246146 2.909093
444.831146 2.659418
445.416146 1.684744
446.001146 1.410069
446.586146 1.685394
447.171146 1.735720
447.756146 0.936045
448.339146 1.436370
448.924146 2.111695
449.509146 1.862021
450.094146 1.337346
450.678146 1.562671
451.263146 1.612996
451.848146 1.063322
452.431146 2.163646
453.015146 1.838971
453.600146 1.614296
454.184146 0.614621
454.769146 0.789947
455.351146 0.715270
455.936146 0.640596
456.520146 1.015921
457.102146 0.316245
457.687146 0.391570
458.271146 0.966895
458.855146 0.667220
459.437146 0.167544
460.022146 0.692869
460.606146 0.343194
461.188146 -0.406482
461.772146 0.043843
462.356146 0.244167
462.938146 1.144491
463.522146 0.919816
464.106146 0.670141
464.688146 1.095465
465.271146 0.545789
465.853146 0.471113
466.437146 0.371438
467.021146 -0.078237
467.602146 0.547086
468.186146 1.247411
468.768146 0.847734
469.351146 1.848059
469.933146 1.398383
470.516146 1.123707
471.098146 1.049031
471.681146 1.249355
472.262146 0.774678
472.846146 1.025003
473.427146 1.175326
474.010146 1.350651
474.592146 0.850974
475.175146 0.926299
475.756146 1.176622
476.337146 1.476945
476.920146 1.527269
477.501146 0.577593
478.084146 1.177917
478.665146 1.253240
479.246146 1.378563
479.829146 0.828888
480.410146 1.704211
480.991146 1.454534
481.573146 1.229858
482.154146 1.080181
482.735146 2.255504
483.317146 1.905828
483.898146 1.581151
484.479146 1.606475
485.061146 2.281798
485.642146 1.932122
486.222146 1.807444
486.803146 1.982767
487.385146 2.958091
487.965146 2.633414
488.546146 1.933737
489.126146 2.834060
489.706146 2.934382
490.289146 2.809707
490.869146 2.885029
491.449146 2.935352
492.029146 3.285675
492.609146 3.060997
493.189146 3.536320
493.771146 3.961644
494.351146 3.936966
494.931146 3.462289
495.511146 2.937612
496.091146 3.062934
496.670146 3.788257
497.250146 3.488579
497.830146 3.938902
498.410146 4.439225
498.989146 4.314547
499.569146 5.414869
500.149146 4.915192
500.728146 5.140514
501.308146 6.065837
501.887146 5.466159
502.466146 5.766481
503.046146 6.591804
503.625146 6.542126
504.205146 7.492448
504.784146 7.992770
505.363146 7.693093
505.942146 8.368415
506.522146 8.918737
507.101146 10.469059
507.680146 11.144382
508.259146 11.669704
508.838146 11.595026
509.417146 14.895348
509.994146 14.520669
510.573146 16.470991
511.152146 18.571313
511.730146 19.196635
512.309146 21.746957
512.888146 24.172279
513.465146 27.647600
514.043146 32.372921
514.622146 34.498243
515.201146 40.773566
515.779146 46.623887
516.356146 55.799208
516.934146 67.974530
517.513146 82.599852
518.091146 100.350173
518.668146 126.700494
519.246146 163.650816
519.824146 222.976137
520.401146 311.301458
520.979146 447.501780
521.557146 648.752101
522.133146 911.577422
522.711146 1129.302743
523.290146 1177.903066
523.866146 1017.103386
524.444146 772.603707
525.022146 545.904029
525.598146 376.454349
526.176146 256.704671
526.751146 186.879991
527.329146 139.080312
527.905146 107.355633
528.483146 85.230954
529.061146 69.481276
529.636146 58.156596
530.214146 48.556917
530.790146 41.157238
531.367146 39.257559
531.943146 31.257879
532.520146 28.933200
533.096146 25.633521
533.673146 22.983842
534.249146 20.484162
534.824146 19.909482
535.401146 17.509803
535.977146 15.760123
536.554146 14.810444
537.129146 15.010764
537.706146 12.661085
538.281146 11.886405
538.856146 10.411725
539.434146 9.737047
540.009146 10.837366
540.584146 9.137686
541.161146 8.238007
541.736146 8.763327
542.310146 8.413647
542.887146 6.438967
543.462146 6.639287
544.037146 6.664607
544.614146 5.814928
545.188146 6.140248
545.763146 6.490567
546.338146 5.265887
546.914146 5.866208
547.489146 5.016528
548.063146 4.566847
548.638146 5.092167
549.214146 4.217487
549.789146 4.467807
550.363146 3.793126
550.937146 3.343446
551.512146 3.493766
552.086146 3.419085
552.662146 3.569405
553.236146 2.519725
553.811146 2.670045
554.385146 2.070364
554.959146 1.970683
555.533146 2.471003
556.107146 1.846322
556.681146 2.996641
557.255146 2.171961
557.829146 1.497280
558.403146 2.222599
558.978146 1.772919
559.552146 1.598238
560.126146 1.573558
560.700146 0.748877
561.273146 1.374196
561.847146 0.674515
562.421146 1.024834
562.994146 0.650153
563.566146 0.875471
564.139146 0.825790
564.713146 1.601109
565.286146 0.876428
565.860146 0.776748
566.433146 1.277066
567.006146 0.777385
567.580146 1.077704
568.153146 0.678023
568.726146 0.303342
569.299146 0.428661
569.870146 1.028978
570.443146 -0.020703
571.017146 1.054616
571.590146 -0.295065
572.163146 0.230254
572.736146 0.655573
573.306146 0.055890
573.879146 0.856209
574.452146 0.306527
575.025146 0.281846
575.596146 0.107164
576.169146 -0.842517
576.741146 0.582801
577.314146 0.208120
577.885146 -0.191563
578.457146 -0.216245
579.030146 -0.115926
579.600146 0.134391
580.173146 -0.190290
580.745146 -0.664972
581.316146 0.035346
581.888146 0.410664
582.460146 0.360982
583.031146 -0.463700
583.603146 0.236618
584.175146 -0.413064
584.745146 -1.012747
585.318146 0.287572
585.888146 -0.512111
586.460146 0.213208
587.030146 -0.536475
587.602146 0.613843
588.174146 -0.460839
588.744146 -0.160522
589.316146 -0.710204
589.886146 -0.159887
590.457146 -0.059569
591.027146 -0.234252
591.599146 0.191066
592.169146 0.066384
592.740146 -0.358299
593.310146 0.392018
593.880146 -0.407665
594.451146 0.392653
595.021146 0.467970
595.592146 -0.331712
596.162146 -0.356395
596.731146 0.268921
597.303146 0.519240
597.872146 0.444556
598.443146 -0.255126
599.013146 -0.704809
599.582146 0.545507
600.153146 0.595825
600.722146 -0.528858
601.292146 0.646459
601.863146 1.021776
602.432146 0.847093
603.001146 -0.077591
603.570146 0.472726
604.141146 0.298044
604.710146 0.223360
605.279146 0.698677
605.848146 0.348993
606.418146 0.099310
606.987146 0.874627
607.556146 0.424943
608.125146 0.475260
608.693146 0.450576
609.264146 0.750894
609.833146 1.326210
610.401146 0.801526
610.970146 0.951843
611.538146 1.252159
612.107146 1.677475
612.675146 0.677791
613.246146 1.453109
613.814146 1.578425
614.382146 1.303741
614.951146 1.629057
615.519146 1.504373
616.087146 1.304689
616.655146 2.030005
617.224146 2.655322
617.792146 2.405638
618.360146 1.755954
618.928146 2.331270
619.496146 1.906586
620.064146 0.806902
620.632146 2.057218
621.200146 1.857534
621.767146 2.032849
622.335146 2.083165
622.903146 1.933481
623.471146 2.483797
624.039146 2.784113
624.606146 1.409428
625.174146 2.084744
625.740146 2.535059
626.307146 1.735375
626.875146 1.760691
627.442146 1.761006
628.010146 2.661322
628.577146 1.361638
629.145146 1.436954
629.710146 1.712268
630.277146 1.287583
630.845146 0.837899
631.412146 1.513215
631.979146 0.688530
632.544146 1.538844
633.111146 1.364160
633.679146 1.464476
634.246146 1.114791
634.811146 0.890106
635.378146 0.815421
635.945146 0.315736
636.510146 0.791051
637.077146 1.341366
637.643146 0.716681
638.208146 0.941995
638.775146 1.117311
639.342146 1.442626
639.907146 1.217941
640.473146 0.593255
641.040146 1.118571
641.605146 0.493885
642.171146 0.794200
642.736146 1.019514
643.302146 0.519829
643.869146 0.495145
644.433146 1.045458
645.000146 1.220774
645.564146 0.771088
646.130146 1.271402
646.695146 1.446717
647.261146 0.872032
647.825146 1.172345
648.391146 1.647660
648.956146 0.922975
649.522146 1.223289
650.086146 0.698603
650.652146 0.498918
651.216146 0.249232
651.782146 1.074547
652.346146 0.524860
652.910146 0.825174
653.476146 0.925489
654.040146 1.200803
654.605146 0.401117
655.169146 1.376431
655.733146 1.376745
656.299146 1.427060
656.862146 0.577373
657.426146 0.927687
657.991146 0.703001
658.555146 1.103315
659.119146 1.403628
659.684146 1.153943
660.248146 1.479256
660.811146 1.754570
661.374146 1.954883
661.940146 1.380198
662.503146 0.955511
663.066146 2.455824
663.630146 1.756138
664.193146 0.456451
664.758146 1.956765
665.321146 0.832079
665.884146 1.207392
666.447146 1.307705
667.010146 1.383018
667.575146 2.108333
668.138146 1.708646
668.701146 2.008959
669.264146 2.134272
669.827146 1.909585
670.390146 2.309899
670.953146 1.335212
671.515146 1.610524
672.078146 1.610838
672.641146 1.736151
673.204146 1.636464
673.768146 1.736778
674.331146 2.012091
674.893146 1.137404
675.456146 1.437717
676.018146 0.588029
676.581146 2.313343
677.143146 1.738655
677.706146 0.988968
678.266146 1.364280
678.828146 1.739593
679.390146 1.589905
679.953146 1.590219
680.515146 1.365531
681.077146 1.815844
681.639146 0.891156
682.201146 1.441469
682.763146 1.291782
683.325146 1.742094
683.887146 0.342407
684.447146 1.092719
685.009146 1.118031
685.571146 0.718344
686.133146 0.443656
686.695146 0.218969
687.255146 1.094281
687.816146 0.319593
688.378146 1.369905
688.940146 0.820218
689.501146 0.445530
690.061146 1.370842
690.623146 0.771154
691.184146 0.821466
691.746146 1.371779
692.305146 0.847090
692.867146 0.622403
693.428146 0.297715
693.987146 0.973026
694.549146 -0.001662
695.110146 -0.151350
695.669146 0.848961
696.231146 0.799274
696.792146 0.149586
697.351146 0.174897
697.912146 0.450209
698.471146 0.550520
699.032146 -0.199168
699.593146 0.026144
700.152146 -0.273545
700.713146 0.326767
701.272146 -0.197922
701.833146 0.477391
702.392146 1.227702
702.953146 0.278014
703.511146 -0.021676
704.072146 0.103636
704.631146 0.278947
705.192146 0.479259
705.750146 0.079570
706.311146 -0.470118
706.869146 0.280192
707.430146 -0.069496
707.988146 0.230815
708.547146 0.006126
709.107146 0.456437
709.666146 -0.268252
710.226146 -1.592940
710.784146 -0.317630
711.343146 -0.092319
711.903146 0.182993
712.461146 0.133303
713.019146 0.333613
713.579146 0.083925
714.138146 0.434236
714.696146 0.084546
715.256146 0.109858
715.814146 0.210168
716.372146 0.035479
716.930146 -0.089211
717.490146 -0.213899
718.047146 -0.063589
718.605146 -0.038279
719.163146 -0.662969
719.723146 0.187343
720.281146 -0.262347
720.838146 0.437963
721.396146 -0.361726
721.954146 0.313584
722.511146 -0.561106
723.071146 -0.735795
723.628146 -0.060485
724.186146 -0.085174
724.743146 0.615136
725.301146 -0.434554
725.858146 0.090756
726.416146 -0.383934
726.973146 -0.158624
727.530146 0.016686
728.089146 0.366997
728.647146 0.842307
729.204146 -0.082383
729.761146 0.142927
730.318146 -0.056763
730.875146 0.318547
731.432146 -0.256143
731.989146 -0.130833
732.546146 -0.130524
733.103146 -0.180214
733.660146 -0.054904
734.217146 -0.304594
734.772146 -0.329285
735.329146 0.196025
735.886146 -0.178665
736.442146 0.246644
736.999146 -0.428046
737.556146 -0.227736
738.112146 0.472573
738.669146 -0.227117
739.225146 0.498192
739.780146 -0.051499
740.337146 0.298811
740.893146 -0.525880
741.449146 -0.400571
742.006146 -0.925261
742.562146 0.300048
743.117146 -0.774643
743.673146 0.250667
744.229146 -0.299024
744.785146 -0.598715
745.340146 -0.348406
745.896146 0.701903
746.452146 0.177212
747.008146 -0.247478
747.562146 -0.547170
748.118146 -0.221861
748.674146 0.128449
749.228146 -0.371243
749.784146 -0.495934
750.340146 0.329375
750.894146 -0.370316
751.450146 0.154993
752.003146 -0.344699
752.559146 -0.344390
753.115146 -0.219081
753.669146 0.181227
754.224146 -0.518464
754.778146 0.581844
755.333146 -0.142847
755.889146 0.132462
756.442146 -0.542230
756.998146 -0.966921
757.551146 0.183387
758.107146 0.108696
758.660146 -0.115996
759.216146 -0.065687
759.769146 -0.415379
760.324146 0.734930
760.877146 0.035237
761.431146 0.085545
761.986146 0.310854
762.539146 -0.988838
763.094146 0.636471
763.647146 0.336778
764.202146 0.312087
764.755146 -0.512605
765.308146 -0.362298
765.863146 -0.036989
766.416146 0.338319
766.969146 -0.261374
767.524146 0.288935
768.077146 0.014243
768.629146 0.239550
769.184146 -0.110142
769.737146 0.740166
770.290146 0.515474
770.844146 -0.084218
771.397146 0.066090
771.949146 -0.008603
772.502146 0.316704
773.056146 -0.457987
773.609146 0.767320
774.161146 0.767627
774.714146 0.842935
775.266146 0.593242
775.820146 0.768550
776.373146 0.543858
776.925146 0.469165
777.477146 -0.405528
778.029146 0.544779
778.582146 0.645087
779.134146 0.970394
779.688146 0.520702
780.240146 0.446009
780.792146 -0.003684
781.344146 -0.253377
781.896146 -0.078070
782.448146 0.447237
783.000146 0.097544
783.552146 0.222852
784.103146 0.398158
784.655146 0.698465
785.207146 -0.551228
785.759146 0.224079
786.310146 1.199386
786.862146 0.549693
