x y
203.206146 0.000000
203.813146 0.926013
204.422146 -0.372971
205.029146 0.103042
205.638146 0.179059
206.247146 0.380075
206.854146 0.006088
207.463146 0.632105
208.069146 0.533116
208.678146 0.234132
209.287146 0.360149
209.893146 0.511160
210.502146 1.012176
211.108146 0.363188
211.717146 0.389204
212.323146 0.815216
212.932146 0.641232
213.538146 0.817243
214.146146 0.968258
214.753146 0.819271
215.361146 1.220286
215.967146 2.421297
216.575146 1.047312
217.181146 1.873323
217.790146 1.674340
218.396146 1.525351
219.001146 3.026361
219.610146 2.427377
220.215146 1.978387
220.823146 2.279401
221.429146 1.830413
222.035146 2.781424
222.643146 2.832439
223.248146 2.733449
223.856146 3.234463
224.462146 2.935475
225.067146 3.986484
225.675146 3.937499
226.280146 4.438509
226.886146 5.464520
227.493146 5.090533
228.099146 5.891545
228.704146 6.242554
229.309146 6.218564
229.917146 7.794579
230.522146 8.095588
231.127146 8.371598
231.732146 8.697608
232.339146 8.048621
232.944146 7.674631
233.550146 7.825642
234.154146 8.001650
234.759146 8.852660
235.366146 7.928673
235.971146 8.604682
236.576146 7.455692
237.181146 8.906702
237.786146 8.407711
238.390146 8.258719
238.997146 8.684733
239.602146 7.960742
240.206146 9.511750
240.811146 8.087760
241.415146 8.863768
242.020146 7.839778
242.624146 8.865786
243.229146 8.116795
243.833146 8.517803
244.437146 9.168811
245.041146 9.194820
245.646146 8.420829
246.250146 8.996837
246.854146 8.797845
247.458146 8.523853
248.062146 8.524861
248.666146 9.300869
249.270146 9.226877
249.874146 9.277885
250.478146 8.978893
251.082146 9.254902
251.686146 8.430910
252.290146 8.181918
252.893146 9.007924
253.497146 9.983932
254.101146 10.209940
254.704146 9.160946
255.308146 8.311954
255.909146 8.962957
256.513146 9.438965
257.116146 8.689972
257.720146 10.890980
258.323146 9.691986
258.927146 9.492994
259.530146 9.294001
260.131146 9.770004
260.734146 9.596010
261.337146 10.722016
261.941146 9.598024
262.544146 10.649031
263.145146 11.100034
263.748146 9.776040
264.351146 10.602046
264.954146 11.203053
265.555146 9.954056
266.157146 10.155061
266.760146 10.606067
267.361146 10.432070
267.964146 9.258076
268.567146 10.459083
269.167146 11.235084
269.770146 10.811090
270.372146 10.962095
270.973146 10.263098
271.575146 11.639103
272.178146 10.740109
272.778146 12.591111
273.381146 12.192117
273.983146 11.918122
274.583146 11.019123
275.186146 11.320129
275.786146 11.796131
276.388146 12.272135
276.988146 11.073137
277.590146 12.824141
278.192146 12.350146
278.792146 11.501147
279.394146 13.452152
279.994146 12.703154
280.596146 12.604158
281.196146 12.480160
281.798146 11.981164
282.398146 13.607166
282.999146 14.233169
283.599146 13.284170
284.201146 12.685175
284.800146 13.486174
285.400146 12.887176
286.001146 12.738179
286.601146 14.139180
287.202146 13.390183
287.802146 14.366184
288.401146 13.992184
289.003146 15.718189
289.602146 13.544189
290.203146 14.970192
290.802146 15.021191
291.402146 14.947193
292.003146 16.748196
292.602146 15.449195
293.201146 16.925195
293.802146 16.101198
294.401146 17.377198
295.000146 16.128197
295.599146 16.604197
296.200146 18.205200
296.798146 18.606198
297.397146 18.482198
297.996146 18.608198
298.597146 19.034201
299.195146 20.310199
299.794146 20.611198
300.393146 20.062198
300.991146 22.388196
301.592146 21.614199
302.190146 23.240197
302.789146 25.366197
303.387146 26.467195
303.985146 27.618193
304.584146 27.969192
305.184146 28.570194
305.782146 27.071192
306.380146 28.322190
306.978146 26.473188
307.577146 27.049187
308.175146 23.125186
308.773146 24.376184
309.371146 22.227182
309.969146 20.753180
310.567146 20.379178
311.164146 19.980174
311.762146 17.756172
312.360146 18.407170
312.958146 17.758168
313.556146 16.834166
314.153146 16.385162
314.751146 17.511160
315.349146 16.837158
315.946146 16.488155
316.544146 14.564153
317.141146 16.165149
317.739146 15.691147
318.336146 15.167143
318.933146 14.743140
319.531146 14.969138
320.128146 14.295134
320.725146 13.871131
321.322146 12.297127
321.920146 13.848125
322.515146 13.724118
323.112146 13.925114
323.709146 13.101111
324.306146 11.652107
324.903146 13.553103
325.500146 12.979100
326.095146 12.105093
326.692146 13.231089
327.288146 11.682084
327.885146 11.758080
328.482146 10.334076
329.077146 10.710069
329.673146 11.386064
330.270146 10.287060
330.866146 12.238055
331.461146 9.639048
332.057146 10.215043
332.654146 9.441039
333.248146 10.517030
333.845146 10.768027
334.441146 9.619022
335.037146 9.445016
335.632146 9.896009
336.228146 9.522004
336.824146 10.822999
337.418146 9.348990
338.014146 9.874985
338.608146 9.200976
339.204146 9.051971
339.800146 9.577965
340.394146 8.553957
340.990146 9.179951
341.584146 9.505943
342.180146 9.456937
342.774146 10.032929
343.370146 9.733923
343.965146 9.309916
344.559146 9.785908
345.155146 8.961902
345.748146 8.212892
346.344146 8.913887
346.937146 8.364876
347.533146 8.090871
348.126146 8.941861
348.720146 7.892852
349.315146 8.468845
349.908146 6.569835
350.504146 8.070829
351.097146 7.921819
351.692146 8.147812
352.285146 7.498802
352.878146 8.899792
353.474146 8.700786
354.067146 8.751776
354.662146 8.377769
355.255146 7.453759
355.848146 6.079748
356.442146 7.980740
357.035146 7.556729
357.628146 7.082719
358.223146 7.858712
358.816146 8.284702
359.408146 8.135690
360.003146 7.886683
360.596146 6.762672
361.188146 7.913660
361.781146 6.689650
362.375146 6.515641
362.968146 7.616631
363.560146 7.492619
364.153146 7.518609
364.745146 6.269597
365.339146 5.970588
365.932146 7.071578
366.524146 7.672566
367.116146 7.223554
367.708146 7.549542
368.302146 7.275533
368.894146 6.326521
369.486146 6.977509
370.078146 6.678497
370.670146 6.704485
371.262146 6.180473
371.854146 7.431461
372.446146 6.432449
373.038146 6.933437
373.632146 6.309428
374.223146 6.335415
374.815146 5.911403
375.407146 6.987391
375.998146 6.838377
376.590146 7.214365
377.182146 6.165353
377.773146 5.441339
378.365146 6.767327
378.956146 6.818314
379.547146 5.869300
380.139146 6.145288
380.730146 6.046274
381.321146 5.397261
381.913146 5.948249
382.502146 6.274232
383.093146 5.825218
383.684146 6.226204
384.275146 5.227191
384.866146 5.778177
385.457146 5.629163
386.048146 4.405150
386.639146 5.906136
387.230146 5.732122
387.819146 4.458105
388.409146 4.534090
389.000146 5.485076
389.591146 4.786063
390.182146 5.412049
390.772146 4.213034
391.361146 4.964017
391.952146 4.990003
392.542146 5.415988
393.133146 5.516974
393.721146 4.692955
394.311146 5.143940
394.902146 4.869926
395.492146 5.020911
396.081146 4.546894
396.671146 5.422879
397.261146 4.523863
397.849146 4.649845
398.439146 5.375829
399.030146 5.326816
399.618146 4.227797
400.208146 5.603782
400.798146 5.354766
401.386146 5.030748
401.976146 5.456732
402.565146 4.982715
403.153146 3.633697
403.743146 5.084681
404.331146 3.885663
404.921146 2.961647
405.510146 4.637630
406.098146 4.013612
406.688146 5.539596
407.275146 3.515576
407.865146 5.266561
408.452146 4.792540
409.042146 3.768525
409.629146 4.669505
410.219146 5.895489
410.806146 4.271469
411.395146 3.897452
411.982146 4.498432
412.572146 3.524416
413.159146 4.150396
413.746146 4.201376
414.335146 4.752359
414.922146 4.053338
415.511146 4.829321
416.098146 3.755301
416.687146 5.156284
417.274146 3.757264
417.861146 5.358243
418.450146 5.359226
419.037146 4.985206
419.624146 4.611186
420.212146 5.262167
420.799146 4.088147
421.386146 4.739126
421.974146 4.865108
422.561146 3.616087
423.147146 4.367065
423.734146 5.593045
424.322146 4.719026
424.909146 4.945006
425.495146 5.170984
426.082146 4.946964
426.670146 4.522945
427.256146 5.673923
427.842146 5.724901
428.429146 5.825881
429.015146 4.626859
429.603146 5.352840
430.189146 4.953818
430.775146 5.954796
431.361146 5.955774
431.947146 5.506752
432.533146 5.582730
433.121146 5.958711
433.707146 7.459689
434.293146 4.935667
434.878146 6.661643
435.464146 5.662621
436.050146 5.463599
436.636146 6.714577
437.221146 5.940554
437.807146 7.666532
438.392146 6.542508
438.978146 6.693486
439.563146 5.419462
440.149146 5.695440
440.734146 4.196417
441.320146 4.647395
441.905146 5.198371
442.490146 4.524347
443.076146 3.800325
443.661146 5.201302
444.246146 4.502278
444.831146 4.003254
445.416146 3.679231
446.001146 2.655207
446.586146 3.181183
447.171146 4.057160
447.756146 2.958136
448.339146 3.509109
448.924146 3.560085
449.509146 2.261062
450.094146 2.212038
450.678146 3.838012
451.263146 2.188989
451.848146 2.364965
452.431146 1.865938
453.015146 1.516913
453.600146 2.317889
454.184146 1.193864
454.769146 1.619840
455.351146 1.495811
455.936146 0.821788
456.520146 1.997762
457.102146 0.873734
457.687146 0.174710
458.271146 1.050685
458.855146 0.426659
459.437146 -0.697369
460.022146 -0.396393
460.606146 -0.820418
461.188146 -0.969447
461.772146 -0.368472
462.356146 -0.742498
462.938146 -0.866526
463.522146 -0.540552
464.106146 -0.214577
464.688146 -0.813606
465.271146 0.262367
465.853146 0.238338
466.437146 -0.460687
467.021146 0.190288
467.602146 -0.133743
468.186146 0.667232
468.768146 0.693203
469.351146 0.569176
469.933146 1.795148
470.516146 0.596121
471.098146 1.222092
471.681146 0.648065
472.262146 0.899035
472.846146 1.425009
473.427146 0.800979
474.010146 1.026952
474.592146 1.852923
475.175146 1.328896
475.756146 1.554866
476.337146 1.430835
476.920146 1.756808
477.501146 1.957778
478.084146 1.858751
478.665146 2.184721
479.246146 2.310690
479.829146 2.386663
480.410146 2.762633
480.991146 2.863603
481.573146 2.414574
482.154146 1.840544
482.735146 2.166513
483.317146 2.642485
483.898146 2.593454
484.479146 3.894424
485.061146 3.095395
485.642146 4.571365
486.222146 4.372333
486.803146 2.948302
487.385146 4.549274
487.965146 4.175242
488.546146 4.926211
489.126146 5.452179
489.706146 5.203147
490.289146 6.479120
490.869146 5.630088
491.449146 4.806056
492.029146 6.782024
492.609146 6.032992
493.189146 6.883960
493.771146 6.834932
494.351146 6.960899
494.931146 7.361867
495.511146 7.387835
496.091146 7.288803
496.670146 8.589770
497.250146 9.890738
497.830146 8.816706
498.410146 9.442674
498.989146 10.268640
499.569146 10.969608
500.149146 10.270576
500.728146 12.346542
501.308146 12.697510
501.887146 13.248477
502.466146 13.524443
503.046146 13.600411
503.625146 16.151377
504.205146 17.277345
504.784146 18.203311
505.363146 19.429278
505.942146 21.505244
506.522146 23.156212
507.101146 23.807178
507.680146 26.633145
508.259146 28.509111
508.838146 30.185077
509.417146 31.911044
509.994146 33.262007
510.573146 37.612973
511.152146 44.763939
511.730146 44.964904
512.309146 56.040870
512.888146 58.541836
513.465146 66.417799
514.043146 76.218764
514.622146 88.869730
515.201146 102.195697
515.779146 119.071661
516.356146 139.222624
516.934146 164.548589
517.513146 203.699555
518.091146 247.225520
518.668146 319.951483
519.246146 413.452447
519.824146 552.303412
520.401146 770.879375
520.979146 1112.180340
521.557146 1613.761304
522.133146 2281.312266
522.711146 2811.683230
523.290146 2865.084197
523.866146 2384.135158
524.444146 1751.066122
525.022146 1195.507087
525.598146 827.288048
526.176146 587.914013
526.751146 424.939973
527.329146 324.865937
527.905146 250.591899
528.483146 204.592863
529.061146 168.468828
529.636146 144.844788
530.214146 117.820752
530.790146 104.096713
531.367146 89.572676
531.943146 76.773638
532.520146 70.849601
533.096146 62.375562
533.673146 57.926525
534.249146 49.677486
534.824146 45.303446
535.401146 44.204409
535.977146 38.930370
536.554146 37.156333
537.129146 34.282293
537.706146 32.083256
538.281146 29.959215
538.856146 26.585175
539.434146 25.686140
540.009146 23.262099
540.584146 21.163059
541.161146 20.664022
541.736146 18.564982
542.310146 19.590940
542.887146 17.991902
543.462146 17.242862
544.037146 14.968822
544.614146 14.769785
545.188146 14.720743
545.763146 14.046702
546.338146 14.547662
546.914146 11.373623
547.489146 11.874583
548.063146 10.575541
548.638146 10.526500
549.214146 10.502462
549.789146 8.678421
550.363146 8.704379
550.937146 8.580337
551.512146 8.756297
552.086146 6.432255
552.662146 6.733216
553.236146 7.309174
553.811146 5.185134
554.385146 5.911092
554.959146 5.737050
555.533146 4.688008
556.107146 5.113966
556.681146 5.714924
557.255146 3.565882
557.829146 4.241840
558.403146 3.642798
558.978146 3.168757
559.552146 3.144715
560.126146 3.195673
560.700146 3.746631
561.273146 3.297587
561.847146 1.898545
562.421146 2.849503
562.994146 3.150460
563.566146 1.651414
564.139146 2.602371
564.713146 2.353328
565.286146 1.854285
565.860146 1.580243
566.433146 2.031199
567.006146 1.057155
567.580146 0.858113
568.153146 2.584070
568.726146 1.560026
569.299146 1.260982
569.870146 0.911935
570.443146 0.212891
571.017146 0.638849
571.590146 1.489806
572.163146 -0.434238
572.736146 0.716718
573.306146 -0.457330
573.879146 -0.106374
574.452146 0.444582
575.025146 -0.079462
575.596146 -0.828509
576.169146 0.347448
576.741146 0.148402
577.314146 -0.350641
577.885146 0.500312
578.457146 -0.448734
579.030146 -0.497778
579.600146 0.153174
580.173146 -0.520870
580.745146 -0.819915
581.316146 -0.768962
581.888146 -0.518008
582.460146 -1.067053
583.031146 -1.416100
583.603146 -0.590146
584.175146 -1.164191
584.745146 -0.763240
585.318146 -0.387283
585.888146 -1.211332
586.460146 -0.885377
587.030146 -0.009426
587.602146 -0.983471
588.174146 -0.332517
588.744146 -1.431566
589.316146 -1.130611
589.886146 -0.054660
590.457146 -0.203707
591.027146 0.747245
591.599146 -0.526801
592.169146 -0.025849
592.740146 0.250103
593.310146 -0.173945
593.880146 -0.922994
594.451146 -0.147041
595.021146 -0.396090
595.592146 -0.895137
596.162146 -0.644185
596.731146 -0.818236
597.303146 -0.217281
597.872146 0.183668
598.443146 -0.440379
599.013146 -1.114427
599.582146 0.186522
600.153146 -0.937525
600.722146 -0.586575
601.292146 0.064376
601.863146 -0.459671
602.432146 -0.833721
603.001146 0.017228
603.570146 -0.506822
604.141146 0.469131
604.710146 0.845081
605.279146 -0.578970
605.848146 0.671980
606.418146 -0.077069
606.987146 0.173881
607.556146 0.299830
608.125146 0.800780
608.693146 0.426728
609.264146 0.802681
609.833146 0.278630
610.401146 1.154578
610.970146 1.380528
611.538146 0.956476
612.107146 0.757426
612.675146 0.908374
613.246146 2.059326
613.814146 1.735274
614.382146 1.786222
614.951146 2.012172
615.519146 3.413120
616.087146 2.464068
616.655146 2.040016
617.224146 3.915965
617.792146 2.941913
618.360146 4.292861
618.928146 3.768809
619.496146 2.244757
620.064146 3.370705
620.632146 3.221653
621.200146 3.697601
621.767146 2.898547
622.335146 3.649495
622.903146 4.025443
623.471146 3.651391
624.039146 3.202339
624.606146 3.728285
625.174146 3.104233
625.740146 3.030178
626.307146 4.281124
626.875146 2.107072
627.442146 4.033019
628.010146 1.758966
628.577146 1.509913
629.145146 1.735861
629.710146 2.311804
630.277146 2.187750
630.845146 1.413698
631.412146 1.689644
631.979146 1.040590
632.544146 1.066533
633.111146 1.917480
633.679146 1.668428
634.246146 1.469374
634.811146 0.970317
635.378146 1.246263
635.945146 0.797209
636.510146 1.598152
637.077146 0.774099
637.643146 1.000043
638.208146 1.300986
638.775146 1.551932
639.342146 -0.297121
639.907146 0.703822
640.473146 1.254766
641.040146 -0.219287
641.605146 1.281656
642.171146 0.757600
642.736146 0.433543
643.302146 0.884488
643.869146 1.085434
644.433146 0.961375
645.000146 0.512322
645.564146 1.713263
646.130146 0.514207
646.695146 -0.109850
647.261146 1.066095
647.825146 0.667036
648.391146 1.367981
648.956146 0.593924
649.522146 0.869868
650.086146 0.845810
650.652146 1.346754
651.216146 0.197696
651.782146 0.973640
652.346146 0.649581
652.910146 0.850523
653.476146 1.376467
654.040146 1.627409
654.605146 1.103352
655.169146 0.854293
655.733146 1.855234
656.299146 1.156179
656.862146 1.332118
657.426146 0.958060
657.991146 0.209003
658.555146 1.259944
659.119146 1.160885
659.684146 0.361828
660.248146 1.737769
660.811146 1.638709
661.374146 0.989649
661.940146 2.115593
662.503146 0.591533
663.066146 2.717472
663.630146 2.668414
664.193146 2.069353
664.758146 2.670296
665.321146 1.796236
665.884146 1.972175
666.447146 1.848115
667.010146 1.324055
667.575146 2.074998
668.138146 1.950937
668.701146 2.176877
669.264146 2.777816
669.827146 1.303756
670.390146 2.104696
670.953146 1.555635
671.515146 2.981573
672.078146 2.882513
672.641146 2.183452
673.204146 2.209392
673.768146 2.685333
674.331146 1.611273
674.893146 2.762211
675.456146 3.438150
676.018146 2.789088
676.581146 1.515028
677.143146 1.640966
677.706146 2.016905
678.266146 1.342840
678.828146 1.993778
679.390146 1.219716
679.953146 1.145656
680.515146 1.096593
681.077146 1.797531
681.639146 2.223469
682.201146 1.699407
682.763146 0.700345
683.325146 1.176283
683.887146 1.902221
684.447146 0.428156
685.009146 0.804094
685.571146 0.555032
686.133146 1.080969
686.695146 1.231907
687.255146 1.057842
687.816146 0.158778
688.378146 0.284716
688.940146 -0.289346
689.501146 -0.463410
690.061146 0.937525
690.623146 1.338463
691.184146 0.064399
691.746146 -0.634663
692.305146 0.866270
692.867146 0.542208
693.428146 -1.206856
693.987146 -0.355923
694.549146 0.495015
695.110146 -0.404049
695.669146 -1.078116
696.231146 0.297822
696.792146 0.348759
697.351146 -0.625308
697.912146 -1.374372
698.471146 -1.023439
699.032146 -1.347503
699.593146 -0.471567
700.152146 -1.270634
700.713146 -0.819698
701.272146 -0.218765
701.833146 -1.367828
702.392146 -1.041895
702.953146 -0.240959
703.511146 -1.465028
704.072146 -0.789092
704.631146 -0.563159
705.192146 -0.862222
705.750146 -1.111291
706.311146 -0.910355
706.869146 -1.259424
707.430146 -0.683487
707.988146 -0.632556
708.547146 -1.281623
709.107146 -1.405689
709.666146 -0.979756
710.226146 -1.053821
710.784146 -1.502890
711.343146 -0.701957
711.903146 -0.701022
712.461146 -1.700091
713.019146 -1.024160
713.579146 -1.248225
714.138146 -1.297292
714.696146 -1.121361
715.256146 -0.645426
715.814146 -1.569495
716.372146 -1.993564
716.930146 -0.692633
717.490146 -1.241698
718.047146 -1.540768
718.605146 -0.314837
719.163146 -1.688906
719.723146 -2.037971
720.281146 -0.912040
720.838146 -1.586110
721.396146 -2.185179
721.954146 -1.309248
722.511146 -1.283318
723.071146 -1.982384
723.628146 -1.981454
724.186146 -1.555523
724.743146 -1.779593
725.301146 -2.203662
725.858146 -1.302732
726.416146 -1.576801
726.973146 -1.075872
727.530146 -1.299942
728.089146 -1.199009
728.647146 -1.973078
729.204146 -2.072148
729.761146 -2.021219
730.318146 -1.645289
730.875146 -0.919359
731.432146 -0.443430
731.989146 -1.067500
732.546146 -2.016571
733.103146 -1.815641
733.660146 -0.414711
734.217146 -1.188782
734.772146 -1.487856
735.329146 -2.336926
735.886146 -1.635996
736.442146 -1.060069
736.999146 -0.434139
737.556146 -1.858209
738.112146 -0.532281
738.669146 -2.056352
739.225146 -0.755424
739.780146 -1.154498
740.337146 -1.053568
740.893146 -1.577640
741.449146 -1.251712
742.006146 -1.900783
742.562146 -0.149855
743.117146 -1.048928
743.673146 -1.173000
744.229146 -1.047073
744.785146 -1.496145
745.340146 -1.745218
745.896146 -2.094290
746.452146 -0.268363
747.008146 -1.367435
747.562146 -1.991510
748.118146 -0.665582
748.674146 -0.714654
749.228146 -0.238730
749.784146 -1.437802
750.340146 -1.236874
750.894146 -0.435949
751.450146 -1.635021
752.003146 -1.059098
752.559146 -1.233170
753.115146 -1.532242
753.669146 -0.681318
754.224146 -0.830392
754.778146 -1.379467
755.333146 -0.978541
755.889146 -1.227613
756.442146 -0.951690
756.998146 -1.150762
757.551146 -0.124839
758.107146 -0.973911
758.660146 -0.147988
759.216146 -0.772060
759.769146 -0.721137
760.324146 -0.895211
760.877146 -1.119288
761.431146 -1.243364
761.986146 -1.117437
762.539146 -0.166515
763.094146 -0.365588
763.647146 -0.414665
764.202146 -0.438739
764.755146 -0.862816
765.308146 -1.111893
765.863146 -1.010967
766.416146 -0.285044
766.969146 -0.434121
767.524146 -1.158195
768.077146 -0.832272
768.629146 0.268649
769.184146 -0.655425
769.737146 0.145498
770.290146 -0.128579
770.844146 -0.777654
771.397146 -0.451731
771.949146 -0.500810
772.502146 -0.224887
773.056146 -0.298962
773.609146 -0.598040
774.161146 0.402882
774.714146 -0.146195
775.266146 -0.145274
775.820146 0.255650
776.373146 -0.593427
776.925146 -0.017505
777.477146 -0.791584
778.029146 -0.090663
778.582146 -0.339740
779.134146 0.686181
779.688146 -0.187894
780.240146 -0.186973
780.792146 0.213948
781.344146 0.689870
781.896146 -0.084209
782.448146 1.266712
783.000146 0.767633
783.552146 -0.531445
784.103146 0.144474
784.655146 -0.054605
785.207146 -0.203683
785.759146 0.272238
786.310146 -0.301842
786.862146 0.424079
