197.067	13.8947
197.674	-24.3158
198.283	8.94737
198.893	16.8421
199.502	15.4737
200.109	17.8947
200.718	18.5263
201.327	18.9474
201.934	19.6842
202.543	20.6316
203.15	18.8421
203.759	18.6316
204.368	19.3684
204.975	19.4737
205.584	20.5263
206.19	18.5263
206.799	20.5263
207.408	20.8421
208.014	22.9474
208.623	20.9474
209.229	17.6842
209.838	17.7895
210.444	19.8947
211.053	19.7895
211.659	20.3158
212.267	23.4737
212.874	17.6842
213.482	18.8421
214.088	18.6316
214.696	20.6316
215.302	19.5789
215.911	24.5263
216.517	26.7368
217.122	24.3158
217.731	21.5789
218.336	24.9474
218.944	24.3158
219.55	24
220.156	27.2632
220.764	21.7895
221.369	22.7368
221.977	22.5263
222.583	18.4211
223.188	21.1579
223.796	18.8421
224.401	17.2632
225.007	18.1053
225.614	21.2632
226.22	18.5263
226.825	21.0526
227.43	18.8421
228.038	20.3158
228.643	20.3158
229.248	21.2632
229.853	15.8947
230.46	21.1579
231.065	19.1579
231.671	18.6316
232.275	18.2105
232.88	18
233.487	18.1053
234.092	20.3158
234.697	20
235.302	18.3158
235.907	17.8947
236.511	22.4211
237.118	19.5789
237.723	18.4211
238.327	21.3684
238.932	17.6842
239.536	20.5263
240.141	17.4737
240.745	22.7368
241.35	20.3158
241.954	17.4737
242.558	18.7368
243.162	19.0526
243.767	15.7895
244.371	19.1579
244.975	18.7368
245.579	17.7895
246.183	20.2105
246.787	19.2632
247.391	17.0526
247.995	20.3158
248.599	20.1053
249.203	15.3684
249.807	19.5789
250.411	21.5789
251.014	19.8947
251.618	21.2632
252.222	20.2105
252.825	21.0526
253.429	16.4211
254.03	18
254.634	20.4211
255.237	17.3684
255.841	19.5789
256.444	22
257.048	22
257.651	20.2105
258.252	21.3684
258.855	18.1053
259.458	21.3684
260.062	23.3684
260.665	19.6842
261.266	21.4737
261.869	19.6842
262.472	25.2632
263.075	22.6316
263.676	23.4737
264.278	21.8947
264.881	21.5789
265.482	19.3684
266.085	24
266.688	24.9474
267.288	22.2105
267.891	22.7368
268.493	26.9474
269.094	27.4737
269.696	30.4211
270.299	31.6842
270.899	35.6842
271.502	38.9474
272.104	42.7368
272.704	48
273.307	58.7368
273.907	72.8421
274.509	105.158
275.109	218.421
275.711	1101.26
276.313	3791.58
276.913	2937.68
277.515	2877.16
278.115	3601.47
278.717	3550
279.317	1900.63
279.919	1546
280.519	1334.95
281.12	1110.11
281.72	825.158
282.322	247.263
282.921	122.632
283.521	78.2105
284.122	44
284.722	41.6842
285.323	34.2105
285.923	31.0526
286.522	29.3684
287.124	25.1579
287.723	24.9474
288.324	23.4737
288.923	21.2632
289.523	23.1579
290.124	17.2632
290.723	22.9474
291.322	20.9474
291.923	18.9474
292.522	20.9474
293.121	20.2105
293.72	18.4211
294.321	19.0526
294.919	21.3684
295.518	19.8947
296.117	19.5789
296.718	18.9474
297.316	19.8947
297.915	18.8421
298.514	21.2632
299.112	17.8947
299.713	20.4211
300.311	18.3158
300.91	17.8947
301.508	20.2105
302.106	17.7895
302.705	16
303.305	18.7368
303.903	18.2105
304.501	21.6842
305.099	19.6842
305.698	16.7368
306.296	18.1053
306.894	18.2105
307.492	19.8947
308.09	17.7895
308.688	18.3158
309.285	16.2105
309.883	15.6842
310.481	19.1579
311.079	17.6842
311.677	16.2105
312.274	15.5789
312.872	19.2632
313.47	16.5263
314.067	18.8421
314.665	17.7895
315.262	17.7895
315.86	17.4737
316.457	17.3684
317.054	21.4737
317.652	31.0526
318.249	27.5789
318.846	24.5263
319.443	29.6842
320.041	22.1053
320.636	23.5789
321.233	22.1053
321.83	19.0526
322.427	22.4211
323.024	16.8421
323.621	19.5789
324.216	17.8947
324.813	18.5263
325.409	14.2105
326.006	14.7368
326.603	17.2632
327.198	15.7895
327.794	17.3684
328.391	21.7895
328.987	16.8421
329.582	15.4737
330.178	17.2632
330.775	15.4737
331.369	14.8421
331.966	20.5263
332.562	14.4211
333.158	16.7368
333.753	17.4737
334.349	16.3158
334.945	17.1579
335.539	19.6842
336.135	16.8421
336.729	17.7895
337.325	22.6316
337.921	26.9474
338.515	23.5789
339.111	21.3684
339.705	28.7368
340.301	25.1579
340.895	21.3684
341.491	21.1579
342.086	18.2105
342.68	17.8947
343.276	23.7895
343.869	20
344.465	17.4737
345.058	24
345.654	18.4211
346.247	16.8421
346.841	18.4211
347.436	16.9474
348.029	18.4211
348.625	12.8421
349.218	15.8947
349.813	17.7895
350.406	12.9474
350.999	16.2105
351.595	14
352.188	16.7368
352.783	15.3684
353.376	17.2632
353.969	14.1053
354.563	15.2632
355.156	11.7895
355.749	15.2632
356.344	16.3158
356.937	13.0526
357.529	15.5789
358.124	17.4737
358.717	14.5263
359.309	15.2632
359.902	10.5263
360.496	17.0526
361.089	14.5263
361.681	16
362.274	13.5789
362.866	16.1053
363.46	17.0526
364.053	15.2632
364.645	13.3684
365.237	16.8421
365.829	15.8947
366.423	14.9474
367.015	14.2105
367.607	16.5263
368.199	13.8947
368.791	15.7895
369.383	15.0526
369.975	14.3158
370.567	15.3684
371.159	11.8947
371.753	14.5263
372.344	16.5263
372.936	14
373.528	14.6316
374.119	14.8421
374.711	13.5789
375.303	14.6316
375.894	15.7895
376.486	14.8421
377.077	13.1579
377.668	17.7895
378.26	16.1053
378.851	14.7368
379.442	14.2105
380.034	14.2105
380.623	12.6316
381.214	13.7895
381.805	17.0526
382.396	13.0526
382.987	15.3684
383.578	15.8947
384.169	15.7895
384.76	17.0526
385.351	14.7368
385.94	14.9474
386.53	16.4211
387.121	16
387.712	17.8947
388.303	20.7368
388.893	53.2632
389.482	54
390.073	44.8421
390.663	58.8421
391.254	35.2632
391.842	26.8421
392.432	24.8421
393.023	19.5789
393.613	19.7895
394.202	21.2632
394.792	21.6842
395.382	14.7368
395.97	18.8421
396.56	13.6842
397.151	14.4211
397.739	12.5263
398.329	12.6316
398.919	13.8947
399.507	14.6316
400.097	12.9474
400.686	13.7895
401.274	13.2632
401.864	11.7895
402.452	15.1579
403.042	12.5263
403.631	14.7368
404.219	12.9474
404.809	15.8947
405.396	13.0526
405.986	13.5789
406.573	12.7368
407.163	12.7368
407.75	15.2632
408.34	14.9474
408.927	18.2105
409.516	11.7895
410.103	12.4211
410.693	14.6316
411.28	14.4211
411.867	14
412.456	13.7895
413.043	14.5263
413.632	14.9474
414.219	11.5789
414.808	11.3684
415.395	14.2105
415.982	14.1053
416.571	13.1579
417.158	14.3158
417.745	12.6316
418.333	13.1579
418.92	12.8421
419.507	13.7895
420.095	13.7895
420.682	12.1053
421.268	13.1579
421.855	15.1579
422.443	12.7368
423.03	13.3684
423.616	13.7895
424.203	14.5263
424.791	17.6842
425.377	15.0526
425.963	14.1053
426.55	14.8421
427.136	14.4211
427.724	13.0526
428.31	12.3158
428.896	13.3684
429.482	11.8947
430.068	12.4211
430.654	13.1579
431.242	12.9474
431.828	15.7895
432.414	13.4737
432.999	13.8947
433.585	14.5263
434.171	12.3158
434.757	13.5789
435.342	14.7368
435.928	13.8947
436.513	15.3684
437.099	13.6842
437.684	14.6316
438.27	13.6842
438.855	23.5789
439.441	39.2632
440.026	31.579
440.611	38.6316
441.197	26.4211
441.782	17.5789
442.367	14.9474
442.952	14.6316
443.537	10.7368
444.122	15.0526
444.707	14.1053
445.292	15.7895
445.877	11.5789
446.46	12.4211
447.045	14.2105
447.63	12.9474
448.215	11.3684
448.799	14.2105
449.384	11.6842
449.969	10.4211
450.552	15.3684
451.136	12.2105
451.721	14.2105
452.305	11.7895
452.89	10.9474
453.472	12.8421
454.057	11.3684
454.641	13.4737
455.223	11.5789
455.808	12.8421
456.392	15.2632
456.976	12.1053
457.558	11.3684
458.143	14.3158
458.727	11.8947
459.309	10.9474
459.893	11.6842
460.477	12.3158
461.059	15.2632
461.643	13.3684
462.227	13.4737
462.809	11.6842
463.392	13.4737
463.974	11.5789
464.558	12.8421
465.142	12.6316
465.723	11.5789
466.307	14.5263
466.889	12.8421
467.472	13.3684
468.054	10.2105
468.637	10
469.219	13.8947
469.802	12
470.383	11.4737
470.967	14
471.548	11.6842
472.131	12.1053
472.713	10.1053
473.296	12.3158
473.877	13.1579
474.458	13.5789
475.041	10.7368
475.622	13.8947
476.205	12.4211
476.786	10.8421
477.367	10.4211
477.95	12.2105
478.531	16.4211
479.112	8.31579
479.694	11.6842
480.275	14.1053
480.856	14.5263
481.438	13.1579
482.019	13.0526
482.6	13.8947
483.182	10.3158
483.763	12.3158
484.343	12
484.924	12.1053
485.506	12.7368
486.086	13.3684
486.667	10.8421
487.247	13.3684
487.827	11.4737
488.41	11.1579
488.99	10.3158
489.57	9.89474
490.15	10.9474
490.73	13.6842
491.31	13.1579
491.892	12.6316
492.472	12.3158
493.052	13.6842
493.632	12.9474
494.212	10.6316
494.791	11.3684
495.371	9.26316
495.951	14.8421
496.531	11.7895
497.11	10.3158
497.69	12
498.27	10.8421
498.849	12.3158
499.429	11.5789
500.008	14
500.587	11.6842
501.167	14
501.746	12.7368
502.326	12.1053
502.905	13.2632
503.484	13.5789
504.063	13.3684
504.643	13.4737
505.222	11.3684
505.801	13.7895
506.38	14.5263
506.959	13.5789
507.538	12.7368
508.115	13.3684
508.694	11.4737
509.273	15.2632
509.851	12.2105
510.43	13.7895
511.009	11.6842
511.586	11.8947
512.164	10.6316
512.743	9.78947
513.322	10.3158
513.9	11.8947
514.477	10.6316
515.055	10.6316
515.634	13.5789
516.212	12.7368
516.789	10.4211
517.367	10.9474
517.945	12.7368
518.522	10.5263
519.1	13.4737
519.678	12.4211
520.254	11.5789
520.832	12.5263
521.411	13.6842
521.987	12.7368
522.565	10
523.143	10
523.719	14.5263
524.297	12.9474
524.872	12.8421
525.45	12.4211
526.026	11.6842
526.604	13.3684
527.182	13.6842
527.757	10.4211
528.335	12.5263
528.911	11.0526
529.488	10.9474
530.064	14.3158
530.641	11.4737
531.217	10.4211
531.794	15.3684
532.37	12.2105
532.945	11.5789
533.522	12.9474
534.098	11.8947
534.675	12.8421
535.25	12.9474
535.827	9.1579
536.402	10.7368
536.977	10.9474
537.555	13.1579
538.13	11.4737
538.705	10.4211
539.282	12.3158
539.857	13.0526
540.431	14.2105
541.008	12.4211
541.583	11.8947
542.158	10.2105
542.735	14.2105
543.309	13.6842
543.884	12
544.459	11.4737
545.035	14.9474
545.61	12.7368
546.184	14.1053
546.759	12.5263
547.335	10.9474
547.91	12.2105
548.484	11.1579
549.058	11.4737
549.633	9.68421
550.207	7.68421
550.783	11.5789
551.357	10.8421
551.932	13.1579
552.506	12.3158
553.08	14
553.654	13.8947
554.228	12.1053
554.802	10.4211
555.376	13.7895
555.95	11.4737
556.524	11.7895
557.099	11.8947
557.673	12.8421
558.247	13.3684
558.821	10.6316
559.394	11.1579
559.968	9.15789
560.542	11.6842
561.115	12.4211
561.687	12.4211
562.26	10.5263
562.834	12.8421
563.407	12.6316
563.981	11.0526
564.554	9.47368
565.127	12.3158
565.701	10.5263
566.274	11.2632
566.847	12.3158
567.42	12
567.991	12.2105
568.564	12.2105
569.138	12.4211
569.711	11.2632
570.284	11.4737
570.857	11.1579
571.427	10.8421
572	11.0526
572.573	11.4737
573.146	10.9474
573.717	12.1053
574.29	9.26316
574.862	11.3684
575.435	10.2105
576.006	10.5263
576.578	12
577.151	10.3158
577.721	11.5789
578.294	12.5263
578.866	13.1579
579.437	12
580.009	12.5263
580.581	13.1579
581.152	9.89474
581.724	11.6842
582.296	10
582.866	10
583.439	9.78947
584.009	10.9474
584.581	12.4211
585.151	9.05263
585.723	13.5789
586.295	11.2632
586.865	9.68421
587.437	12.2105
588.007	10.6316
588.578	13.2632
589.148	11.7895
589.72	11.8947
590.29	10.8421
590.861	9.15789
591.431	12.9474
592.001	11.8947
592.572	18.4211
593.142	16.1053
593.713	16.7368
594.283	11.8947
594.852	12.2105
595.424	10.8421
595.993	11.8947
596.564	12.9474
597.134	12
597.703	12.3158
598.274	8.31579
598.843	9.89474
599.413	12.1053
599.984	11.5789
600.553	13.4737
601.122	12.2105
601.691	10.8421
602.262	11.5789
602.831	10.9474
603.4	13.3684
603.969	15.2632
604.539	11.5789
605.108	11.4737
605.677	9.68421
606.246	11.7895
606.814	10.6316
607.385	11.1579
607.954	12.9474
608.522	11.7895
609.091	12.3158
609.659	11.2632
610.228	10.9474
610.796	10.7368
611.367	9.36842
611.935	12.4211
612.503	11.5789
613.072	10.9474
613.64	13.1579
614.208	10.7368
614.776	12.3158
615.345	12.1053
615.913	10.8421
616.481	12.6316
617.049	11.1579
617.617	12.2105
618.185	10.1053
618.753	10.9474
619.321	11.2632
619.888	10.6316
620.456	11.6842
621.024	10.5263
621.592	10
622.16	11.7895
622.727	10.6316
623.295	9.78947
623.861	12.3158
624.428	12.5263
624.996	10.5263
625.563	13.6842
626.131	11.6842
626.698	12.3158
627.266	13.0526
627.831	10.8421
628.398	11.3684
628.966	10.6316
629.533	10.8421
630.1	12.3158
630.665	11.6842
631.232	9.26316
631.8	11.2632
632.367	11.0526
632.932	13.0526
633.499	10.9474
634.066	11.3684
634.631	9.05263
635.198	12.2105
635.764	14.1053
636.329	11.8947
636.896	11.8947
637.463	14.4211
638.028	11.3684
638.594	11.5789
639.161	10.2105
639.726	10.4211
640.292	10.9474
640.857	11.5789
641.423	10.7368
641.99	13.7895
642.554	9.36842
643.121	11.5789
643.685	11.1579
644.251	11.7895
644.816	13.8947
645.382	12.8421
645.946	10.4211
646.512	11.0526
647.077	12
647.643	11.1579
648.207	12.5263
648.773	13.5789
649.337	13.3684
649.903	12.3158
650.467	10.8421
651.031	14.4211
651.597	13.3684
652.161	11.7895
652.726	11.0526
653.29	10.3158
653.854	11.4737
654.42	11.2632
654.983	13.7895
655.547	12.5263
656.112	11.6842
656.676	10.4211
657.24	9.05263
657.805	11.0526
658.369	10.9474
658.932	11.2632
659.495	11.5789
660.061	10
660.624	11.8947
661.187	13.1579
661.751	11.7895
662.314	10
662.879	9.78947
663.442	10.4211
664.005	10.3158
664.568	11.6842
665.131	13.3684
665.696	12.4211
666.259	11.8947
666.822	12.5263
667.385	9.89474
667.948	12.2105
668.511	11.2632
669.074	11.5789
669.636	11.5789
670.199	9.47369
670.762	12.3158
671.325	12.2105
671.889	11.0526
672.452	10.9474
673.014	10.9474
673.577	11.2632
674.139	12.7368
674.702	12.7368
675.264	12.1053
675.827	10.6316
676.387	12
676.949	11.6842
677.511	10.9474
678.074	13.0526
678.636	10.1053
679.198	10
679.76	9.47369
680.322	12.3158
680.884	14.7368
681.446	11.5789
682.008	12.6316
682.568	7.68421
683.13	11.5789
683.692	12
684.254	11.0526
684.816	12.1053
685.376	10.2105
685.937	12.4211
686.499	11.0526
687.061	9.78947
687.622	12.2105
688.182	12.7368
688.744	11.8947
689.305	11.7895
689.867	11.8947
690.426	9.78947
690.988	12.7368
691.549	9.47368
692.108	9.36842
692.67	11.6842
693.231	11.2632
693.79	11.8947
694.352	11.8947
694.913	11.8947
695.472	9.89474
696.033	9.89474
696.592	10.5263
697.153	11.7895
697.714	11.4737
698.273	10.4211
698.834	10.7368
699.393	12
699.954	13.0526
700.513	12.2105
701.074	10.7368
701.632	10.6316
702.193	12.2105
702.752	11.5789
703.313	10.4211
703.871	11.0526
704.432	11.0526
704.99	11.1579
705.551	11.6842
706.109	10.1053
706.668	11.1579
707.228	13.6842
707.787	9.47369
708.347	13.8947
708.905	12.6316
709.464	12.8421
710.024	13.1579
710.582	12.9474
711.14	10.2105
711.7	10.8421
712.259	12
712.817	10.8421
713.377	10.9474
713.935	14.8421
714.493	13.8947
715.051	10.3158
715.611	9.78947
716.168	12.1053
716.726	11.4737
717.284	10.4211
717.844	9.78947
718.402	10.4211
718.959	11.1579
719.517	11.2632
720.075	13.1579
720.632	12.4211
721.192	11.8947
721.749	20.8421
722.307	14.1053
722.864	13.4737
723.422	11.6842
723.979	11.4737
724.537	13.2632
725.094	11.3684
725.651	9.05263
726.21	10.6316
726.768	12.6316
727.325	12.4211
727.882	14.5263
728.439	15.2632
728.996	11.7895
729.553	12.5263
730.11	10.6316
730.667	11.7895
731.224	10.2105
731.781	12.4211
732.338	10.3158
732.893	11.3684
733.45	14.4211
734.007	12.6316
734.563	12.5263
735.12	10.7368
735.677	12.4211
736.233	10.6316
736.79	8
737.346	13.7895
737.901	18.9474
738.458	14.9474
739.014	9.47368
739.57	9.89474
740.127	12.4211
740.683	11.6842
741.238	12.1053
741.794	9.47368
742.35	12.2105
742.906	13.0526
743.461	9.68421
744.017	11.3684
744.573	12
745.129	12.6316
745.683	11.0526
746.239	12
746.795	11.2632
747.349	12
747.905	10.9474
748.461	11.3684
749.015	10.5263
749.571	12.7368
750.124	10.6316
750.68	11.4737
751.236	9.57895
751.79	10.7368
752.345	12.7368
752.899	9.05263
753.454	11.7895
754.01	13.3684
754.563	12.2105
755.119	9.1579
755.672	11.6842
756.228	11.7895
756.781	12.4211
757.337	10.6316
757.89	12.9474
758.445	12
758.998	12.3158
759.552	16.7368
760.107	12.9474
760.66	10.2105
761.215	11.8947
761.768	14.5263
762.323	12.3158
762.876	12.5263
763.429	14.8421
763.984	12.8421
764.537	12.7368
765.09	10.1053
765.645	10
766.198	11.1579
766.75	11.2632
767.305	12.4211
767.858	12.3158
768.411	10.4211
768.965	10.7368
769.518	10.4211
770.07	12.9474
770.623	11.8947
771.177	10.9474
771.73	14.4211
772.282	11.2632
772.835	12.7368
773.387	11.0526
773.941	10.9474
774.494	11.5789
775.046	12.6316
775.598	11.2632
776.15	13.2632
776.703	13.0526
777.255	10.8421
777.809	10.1053
778.361	10.1053
778.913	9.57895
779.465	9.89474
780.017	11.4737
780.569	14.8421
781.121	8.63158
781.673	12.3158
782.224	11.8947
782.776	13.2632
783.328	10.1053
783.88	10.9474
784.431	13.1579
784.983	12.3158
785.535	9.78947
786.086	11.1579
786.638	9.89474
787.189	11.7895
787.741	9.57895
788.292	9.78947
788.844	10.6316
789.393	12.2105
789.945	11.3684
